# Multi-task Greedy Token Replacement Order (GT → LR)
# n_samples: 300, seed: 123
============================================================

[CLS]
Oracle: 70.67, Baseline: 11.00
Order (least → most important): [0, 33, 15, 27, 58, 23, 25, 9, 35, 6]...[50, 38, 59, 8, 55, 20, 10, 3, 45, 14]
Full order: [0, 33, 15, 27, 58, 23, 25, 9, 35, 6, 13, 7, 41, 36, 39, 18, 22, 37, 63, 11, 48, 51, 5, 61, 1, 12, 40, 29, 56, 60, 47, 24, 43, 28, 57, 17, 2, 42, 19, 54, 62, 30, 16, 34, 31, 32, 53, 52, 49, 46, 44, 26, 4, 21, 50, 38, 59, 8, 55, 20, 10, 3, 45, 14]

[DET]
Oracle: 40.20, Baseline: 4.00
Order (least → most important): [16, 54, 57, 9, 12, 52, 29, 37, 60, 61]...[24, 20, 49, 1, 10, 55, 44, 45, 3, 14]
Full order: [16, 54, 57, 9, 12, 52, 29, 37, 60, 61, 4, 27, 19, 13, 2, 11, 30, 34, 41, 35, 47, 48, 51, 40, 36, 21, 43, 5, 6, 26, 17, 39, 46, 18, 59, 38, 0, 15, 53, 63, 31, 62, 33, 25, 56, 32, 42, 7, 8, 23, 58, 28, 22, 50, 24, 20, 49, 1, 10, 55, 44, 45, 3, 14]

[SEG]
Oracle: 87.63, Baseline: 34.43
Order (least → most important): [33, 49, 55, 39, 43, 5, 15, 44, 61, 9]...[8, 20, 47, 37, 4, 32, 45, 10, 3, 14]
Full order: [33, 49, 55, 39, 43, 5, 15, 44, 61, 9, 38, 34, 31, 12, 35, 23, 27, 16, 19, 13, 24, 29, 63, 7, 36, 48, 56, 59, 53, 62, 0, 26, 57, 21, 11, 25, 17, 28, 42, 6, 52, 51, 50, 40, 54, 30, 2, 18, 22, 46, 41, 1, 60, 58, 8, 20, 47, 37, 4, 32, 45, 10, 3, 14]

