# Multi-task Greedy Token Replacement Order (GT → LR)
# n_samples: 128, seed: 123
============================================================

[CLS]
Oracle: 64.84, Baseline: 7.81
Order (least → most important): [5, 2, 35, 0, 3, 9, 8, 41, 7, 31]...[11, 63, 249, 182, 10, 79, 148, 66, 195, 88]
Full order: [5, 2, 35, 0, 3, 9, 8, 41, 7, 31, 49, 18, 4, 152, 46, 52, 19, 20, 50, 110, 39, 61, 42, 6, 141, 53, 1, 96, 34, 16, 51, 58, 70, 77, 17, 29, 38, 26, 32, 67, 73, 153, 82, 27, 98, 175, 12, 94, 48, 149, 13, 229, 138, 106, 223, 239, 21, 125, 157, 193, 86, 62, 47, 100, 139, 60, 76, 188, 85, 74, 102, 128, 101, 137, 179, 14, 55, 103, 64, 207, 23, 83, 107, 155, 212, 121, 43, 220, 118, 164, 99, 89, 178, 173, 95, 57, 80, 246, 105, 161, 163, 28, 181, 56, 227, 75, 123, 166, 191, 211, 136, 189, 200, 131, 168, 194, 120, 44, 71, 185, 235, 93, 115, 133, 113, 222, 124, 36, 140, 167, 205, 68, 117, 245, 37, 196, 87, 119, 111, 33, 54, 108, 104, 248, 144, 244, 91, 198, 170, 147, 184, 159, 203, 240, 174, 150, 156, 224, 172, 234, 208, 158, 228, 210, 226, 92, 192, 242, 154, 135, 22, 25, 142, 213, 112, 90, 97, 214, 127, 231, 65, 171, 78, 209, 225, 252, 219, 253, 238, 241, 129, 183, 215, 197, 230, 24, 81, 72, 176, 221, 206, 186, 251, 190, 216, 218, 204, 145, 217, 109, 15, 59, 151, 202, 45, 130, 162, 134, 84, 30, 116, 247, 114, 199, 187, 232, 237, 69, 201, 132, 236, 169, 126, 233, 180, 243, 250, 254, 177, 40, 146, 122, 143, 165, 160, 255, 11, 63, 249, 182, 10, 79, 148, 66, 195, 88]

[DET]
Oracle: 49.90, Baseline: 5.00
Order (least → most important): [122, 26, 15, 9, 220, 217, 8, 251, 38, 37]...[84, 158, 146, 69, 63, 143, 195, 148, 66, 88]
Full order: [122, 26, 15, 9, 220, 217, 8, 251, 38, 37, 246, 21, 214, 168, 33, 0, 1, 247, 68, 134, 48, 94, 141, 212, 233, 167, 55, 121, 188, 54, 64, 60, 210, 191, 39, 85, 110, 159, 29, 27, 138, 86, 200, 183, 98, 91, 82, 155, 6, 67, 161, 241, 4, 108, 235, 136, 43, 173, 106, 196, 119, 178, 24, 176, 175, 193, 31, 157, 198, 32, 18, 111, 137, 73, 100, 90, 154, 114, 156, 199, 139, 166, 240, 238, 75, 169, 223, 20, 36, 228, 163, 50, 186, 101, 23, 42, 49, 57, 127, 7, 76, 96, 192, 74, 80, 87, 149, 129, 216, 3, 174, 132, 151, 65, 229, 147, 203, 28, 190, 208, 125, 206, 61, 153, 250, 95, 102, 105, 89, 252, 62, 22, 213, 245, 215, 239, 12, 204, 92, 58, 248, 2, 113, 34, 171, 35, 10, 201, 51, 219, 44, 17, 226, 211, 218, 227, 115, 185, 197, 19, 124, 170, 135, 104, 16, 181, 103, 207, 123, 53, 224, 189, 71, 14, 56, 112, 144, 117, 254, 242, 221, 45, 30, 83, 46, 150, 255, 243, 162, 131, 72, 236, 172, 13, 234, 179, 128, 118, 225, 253, 231, 194, 140, 184, 237, 249, 40, 130, 77, 177, 59, 81, 142, 232, 97, 99, 230, 116, 244, 78, 41, 126, 93, 164, 52, 107, 120, 222, 70, 209, 25, 187, 205, 133, 5, 47, 152, 145, 202, 180, 109, 182, 165, 160, 11, 79, 84, 158, 146, 69, 63, 143, 195, 148, 66, 88]

[SEG]
Oracle: 90.17, Baseline: 34.95
Order (least → most important): [112, 183, 102, 26, 54, 205, 151, 217, 87, 209]...[226, 180, 105, 152, 79, 182, 202, 133, 195, 66]
Full order: [112, 183, 102, 26, 54, 205, 151, 217, 87, 209, 53, 200, 178, 197, 4, 85, 194, 249, 67, 0, 78, 24, 81, 108, 132, 41, 172, 73, 70, 59, 144, 65, 33, 240, 236, 160, 93, 111, 58, 174, 37, 42, 60, 185, 19, 120, 159, 103, 99, 211, 157, 246, 2, 123, 36, 228, 25, 34, 244, 162, 89, 9, 21, 115, 203, 229, 117, 214, 220, 12, 176, 61, 95, 43, 62, 156, 254, 225, 139, 177, 129, 75, 190, 219, 188, 155, 86, 56, 45, 212, 206, 29, 51, 186, 28, 140, 49, 163, 149, 90, 222, 96, 38, 124, 253, 20, 218, 189, 76, 16, 233, 15, 210, 57, 158, 241, 231, 113, 250, 137, 237, 171, 154, 119, 1, 114, 74, 14, 127, 192, 94, 138, 18, 141, 44, 168, 3, 98, 134, 101, 48, 215, 204, 84, 147, 106, 80, 255, 83, 8, 153, 208, 235, 125, 131, 181, 72, 92, 239, 234, 82, 245, 167, 224, 100, 207, 198, 13, 130, 50, 173, 184, 213, 27, 247, 11, 77, 110, 7, 23, 97, 121, 22, 221, 242, 216, 193, 227, 126, 6, 170, 166, 175, 199, 191, 32, 39, 179, 71, 201, 238, 248, 10, 88, 122, 230, 68, 251, 136, 128, 164, 232, 31, 187, 46, 104, 161, 169, 30, 17, 55, 196, 252, 116, 143, 243, 91, 135, 69, 40, 148, 142, 47, 145, 118, 35, 5, 150, 63, 52, 107, 165, 146, 223, 64, 109, 226, 180, 105, 152, 79, 182, 202, 133, 195, 66]

